5 0 83
6 1 85
7 2 87
8 3 89
10 4 91
11 5 92
12 5 94
13 6 96
15 7 98
16 8 99
17 9 101
18 10 103
19 11 105
21 12 107
22 13 108
23 14 110
24 15 112
26 15 114
27 16 116
28 17 117
29 18 119
31 19 121
32 20 123
33 21 124
34 22 126
36 23 128
37 24 130
38 25 132
39 25 133
40 26 135
42 27 137
43 28 139
44 29 140
45 30 142
47 31 144
48 32 146
49 33 148
50 34 149
52 35 151
53 35 153
54 36 155
55 37 157
57 38 158
58 39 160
59 40 162
60 41 164
62 42 165
63 43 167
64 44 169
65 45 171
66 45 173
68 46 174
69 47 176
70 48 178
71 49 180
73 50 181
74 51 183
75 52 185
76 53 187
78 54 189
79 55 190
80 55 192
81 56 194
83 57 196
84 58 197
86 59 196
87 60 195
89 61 195
91 62 194
93 63 193
95 64 193
96 65 192
98 66 191
100 67 190
102 69 190
104 70 189
105 71 188
107 72 187
109 73 187
111 74 186
112 75 185
114 76 185
116 77 184
118 78 183
120 79 182
121 80 182
123 81 181
125 82 180
127 83 179
128 84 179
130 85 178
132 86 177
134 87 177
136 88 176
137 89 175
139 90 174
141 91 174
143 92 173
144 93 172
146 94 171
148 95 171
150 96 170
152 97 169
153 98 169
155 99 168
157 100 167
159 101 166
161 103 166
162 104 165
164 105 164
166 106 163
168 107 163
169 108 162
171 109 161
173 110 161
175 111 160
177 112 159
178 113 158
180 114 158
182 115 157
184 116 156
185 117 155
187 118 155
189 119 154
191 120 153
193 121 153
194 122 152
196 123 151
197 124 150
198 125 150
199 126 149
199 127 148
200 128 147
200 130 146
201 131 146
202 132 145
202 133 144
203 134 143
203 135 142
204 136 142
205 137 141
205 138 140
206 139 139
206 140 138
207 141 138
208 143 137
208 144 136
209 145 135
209 146 135
210 147 134
211 148 133
211 149 132
212 150 131
213 151 131
213 152 130
214 153 129
214 154 128
215 155 127
216 157 127
216 158 126
217 159 125
217 160 124
218 161 124
219 162 123
219 163 122
220 164 121
220 165 120
221 166 120
222 167 119
222 168 118
223 169 117
223 171 116
224 172 116
225 173 115
225 174 114
226 175 113
226 176 112
227 177 112
228 178 111
228 179 110
229 180 109
229 181 109
230 182 108
231 184 107
231 185 106
232 186 105
233 187 105
233 188 104
234 189 103
234 190 102
235 191 101
236 192 101
236 193 100
236 194 99
236 195 98
237 196 97
237 197 96
237 198 95
238 199 94
238 200 93
238 201 92
238 202 91
239 203 90
239 204 89
239 205 88
240 206 87
240 207 86
240 208 85
240 209 84
241 210 83
241 211 82
241 212 81
241 213 80
242 214 79
242 214 78
242 215 77
243 216 76
243 217 75
243 218 74
243 219 73
244 220 72
244 221 71
244 222 70
245 223 69
245 224 68
245 225 66
245 226 65
246 227 64
246 228 63
246 229 62
246 230 61
247 231 60
247 232 59
247 233 58
248 234 57
248 235 56
248 236 55
248 237 54
249 238 53
249 239 52
249 240 51
250 241 50
250 242 49
250 243 48
250 244 47
251 245 46
251 246 45
251 246 44
252 247 43
252 248 42
252 249 41
252 250 40
253 251 39
253 252 38
253 253 37
253 254 36
